604031614
302015807.0
 906047422.0
453023711.0
 1359071134.0
679535567.0
 2038606702.0
1019303351.0
 3057910054.0
1528955027.0
 4586865082.0
2293432541.0
 6880297624.0
3440148812.0
 1720074406.0
 860037203.0
 2580111610.0
1290055805.0
 3870167416.0
1935083708.0
 967541854.0
 483770927.0
 1451312782.0
725656391.0
 2176969174.0
1088484587.0
 3265453762.0
1632726881.0
 4898180644.0
2449090322.0
 1224545161.0
 3673635484.0
1836817742.0
 918408871.0
 2755226614.0
1377613307.0
 4132839922.0
2066419961.0
 6199259884.0
3099629942.0
 1549814971.0
 4649444914.0
2324722457.0
 6974167372.0
3487083686.0
 1743541843.0
 5230625530.0
2615312765.0
 7845938296.0
3922969148.0
 1961484574.0
 980742287.0
 2942226862.0
1471113431.0
 4413340294.0
2206670147.0
 6620010442.0
3310005221.0
 9930015664.0
4965007832.0
 2482503916.0
 1241251958.0
 620625979.0
 1861877938.0
930938969.0
 2792816908.0
1396408454.0
 698204227.0
 2094612682.0
1047306341.0
 3141919024.0
1570959512.0
 785479756.0
 392739878.0
 196369939.0
 589109818.0
294554909.0
 883664728.0
441832364.0
 220916182.0
 110458091.0
 331374274.0
165687137.0
 497061412.0
248530706.0
 124265353.0
 372796060.0
186398030.0
 93199015.0
 279597046.0
139798523.0
 419395570.0
209697785.0
 629093356.0
314546678.0
 157273339.0
 471820018.0
235910009.0
 707730028.0
353865014.0
 176932507.0
 530797522.0
265398761.0
 796196284.0
398098142.0
 199049071.0
 597147214.0
298573607.0
 895720822.0
447860411.0
 1343581234.0
671790617.0
 2015371852.0
1007685926.0
 503842963.0
 1511528890.0
755764445.0
 2267293336.0
1133646668.0
 566823334.0
 283411667.0
 850235002.0
425117501.0
 1275352504.0
637676252.0
 318838126.0
 159419063.0
 478257190.0
239128595.0
 717385786.0
358692893.0
 1076078680.0
538039340.0
 269019670.0
 134509835.0
 403529506.0
201764753.0
 605294260.0
302647130.0
 151323565.0
 453970696.0
226985348.0
 113492674.0
 56746337.0
 170239012.0
85119506.0
 42559753.0
 127679260.0
63839630.0
 31919815.0
 95759446.0
47879723.0
 143639170.0
71819585.0
 215458756.0
107729378.0
 53864689.0
 161594068.0
80797034.0
 40398517.0
 121195552.0
60597776.0
 30298888.0
 15149444.0
 7574722.0
 3787361.0
 11362084.0
5681042.0
 2840521.0
 8521564.0
4260782.0
 2130391.0
 6391174.0
3195587.0
 9586762.0
4793381.0
 14380144.0
7190072.0
 3595036.0
 1797518.0
 898759.0
 2696278.0
1348139.0
 4044418.0
2022209.0
 6066628.0
3033314.0
 1516657.0
 4549972.0
2274986.0
 1137493.0
 3412480.0
1706240.0
 853120.0
 426560.0
 213280.0
 106640.0
 53320.0
 26660.0
 13330.0
 6665.0
 19996.0
9998.0
 4999.0
 14998.0
7499.0
 22498.0
11249.0
 33748.0
16874.0
 8437.0
 25312.0
12656.0
 6328.0
 3164.0
 1582.0
 791.0
 2374.0
1187.0
 3562.0
1781.0
 5344.0
2672.0
 1336.0
 668.0
 334.0
 167.0
 502.0
251.0
 754.0
377.0
 1132.0
566.0
 283.0
 850.0
425.0
 1276.0
638.0
 319.0
 958.0
479.0
 1438.0
719.0
 2158.0
1079.0
 3238.0
1619.0
 4858.0
2429.0
 7288.0
3644.0
 1822.0
 911.0
 2734.0
1367.0
 4102.0
2051.0
 6154.0
3077.0
 9232.0
4616.0
 2308.0
 1154.0
 577.0
 1732.0
866.0
 433.0
 1300.0
650.0
 325.0
 976.0
488.0
 244.0
 122.0
 61.0
 184.0
92.0
 46.0
 23.0
 70.0
35.0
 106.0
53.0
 160.0
80.0
 40.0
 20.0
 10.0
 5.0
 16.0
8.0
 4.0
 2.0
 1.0
 